1433448840 1895
1433454365 1748
1433790204 1769
1433792405 1778
1433965707 1929
1433978698 2106
1433980434 2134
1433982554 2176
1433982704 2061
1434072726 2232
1434387947 2231
1434389712 2213
1434400654 2362
1434403624 2412
1434405543 2420
1434585559 2471
1434648413 2619
1434648466 2619
1434657764 3019
1434662758 3160
1434997626 3249
1435005586 3486
1435014565 3520
1435015130 3529
1435020005 3626
1435196838 3726
1435263067 4138
1435270489 4374
1435270744 4378
1435953427 4360
1436210879 4618
1436212941 4889
1436214552 4565
1436215140 4565
1436215559 3539
1436219657 3565
1436314286 3572
1436403684 3545
1436474148 3585
1436555494 3747
1436564275 3901
1436825701 3912
1436825819 3912
1436826630 3921
1436836068 4001
1436892817 4007
1436895378 4067
1436895517 3999
1436895723 3906
1436898982 3880
1436899935 3873
1436900391 3875
1436904841 3928
1436905830 3960
1436917741 4067
1437009615 4314
1437073705 8048
1437077593 8384
1437438542 8617
1437495483 8635
1437500369 18522
1437512563 9945
1437521263 9719
1437523857 9940
1437676867 9958
1437679111 9967
1437689137 9682
1437769604 9680
1437775771 10025
1437878792 10150
1437935173 10151
1437940107 10170
1437940178 10172
1437940223 10171
1437940695 10173
1437944442 10173
1437945256 10173
1438020410 10173
1438020514 10173
1438020584 10173
1438021633 10071
1438038665 10291
1438039412 10295
1438043173 10389
1438043832 10389
1438113887 10410
1438114931 9338
1438121591 8083
1438200739 9505
1438202356 9488
1438203563 9454
1438214057 9630
1438278116 9670
1438299142 10111
1438627223 10269
1438629516 10269
1438636723 9644
1438638366 9644
1438640970 9648
1438721882 9875
1438724027 9715
1438726636 9724
1438799065 8308
1438801919 8318
1439478338 8334
1439479665 8334
1439601326 9694
1439931339 8202
1439939434 9531
1439943305 9472
1439945239 9750
1439947600 9434
1440022241 9496
1440034631 7365
1440197191 13081
1441217405 13085
1441220762 13085
1441648593 13085
1441656044 12955
1441744339 14120
1441748930 14216
1441836688 14309
1441837738 14313
1441837890 14317
1442013425 14582
1442258974 14615
1442341802 14715
1442348134 20714
1442618818 20788
1443565541 38309
1443629477 38756
1443883086 46401
1443883537 46401
1444083845 46192
1444252755 47708
1444254538 47739
1444431644 47714
1444527070 48122
1444759689 47867
1444765416 65421
1444771959 65368
1444846497 65125
1444857182 66901
1444858327 67275
1445295222 98689
1445451440 98691
1445888279 98694
1446061004 98709
1446061160 98709
1446061920 98707
1446076937 98037
1446081273 107418
1446244010 106720
1446837856 108147
1446847865 107541
1447191337 116174
1447195125 116244
1447271467 116018
1447282836 159744
1447439829 159443
1447623135 159874
1447790171 159947
1447799322 186644
1449077810 260769
1449087749 260876
1449095765 298129
1449156202 53715
1449156470 53715
1449170105 88163
1449361632 88165
1450219877 147687
