1450284436 0 1
1450284900 0 2
1450736531 0 3
1450746182 0 4
1450910027 0 5
1451336809 0 6
1451347297 0 7
1451436242 0 8
1451919720 0 9
1451924156 0 10
1451934271 0 11
1452043771 0 12
1452113338 0 13
1452119316 0 14
1452199855 0 15
1452283681 0 16
1452482547 0 17
1452550338 0 18
1452556631 0 19
1452640753 0 20
1452642086 0 21
1452799715 0 22
1452811064 0 23
1452880452 0 24
1452898933 0 25
1453142454 0 26
1453236003 0 27
1453240915 0 28
1453328564 0 29
1453415136 0 30
1453760848 1 30
1453850450 2 30
1454434697 3 30
1454534107 4 30
1455230406 5 30
1455571780 6 30
1455667957 7 30
1455825928 8 30
1455924335 9 30
1456239864 10 30
1456242281 11 30
1456261402 12 30
1456261542 13 30
1456361316 14 30
1456626390 15 30
1456781022 16 30
1456946551 17 30
1456954318 18 30
1457031434 19 30
1457557147 20 30
1457649114 21 30
1457649685 22 30
1458147735 23 30
1458148750 24 30
1458158443 25 30
1458767317 26 30
1459301599 27 30
1460386192 28 30
1462476921 29 30
1462991226 30 30
1464288103 31 30
1464625540 32 30
1464813127 33 30
1464826857 34 30
1465489781 35 30
1465507841 36 30
1465597800 37 30
1465950694 38 30
1466019950 39 30
1466024928 40 30
1466031726 41 30
1466034445 42 30
1466034671 43 30
1466037742 44 30
1466116291 45 30
1466553087 46 30
1466630487 47 30
1466631409 48 30
1466711305 49 30
1466713550 50 30
1466719634 51 30
1466721145 52 30
1467037568 53 30
1467073673 54 30
1467076978 55 30
1467313438 56 30
1467325833 57 30
1467383852 58 30
1467508781 59 30
1467586445 60 30
1467588503 61 30
1467652473 62 30
1467654602 63 30
1467656286 64 30
1467656771 65 30
1467657040 66 30
1467664546 67 30
1467678375 68 30
1467679259 69 30
1467753387 70 30
1467757135 71 30
1467761755 72 30
1467766431 73 30
1467767607 74 30
1467917091 75 30
1467934100 76 30
1467996659 77 30
1468104095 78 30
1468113670 79 30
1468184339 80 30
1468276670 81 30
1468280558 82 30
1468356879 83 30
1468521339 84 30
1468699940 85 30
1468711152 86 30
1468887418 87 30
1469138743 88 30
1469478513 89 30
1470078745 90 30
1470087337 91 30
1470095735 92 30
1470164920 93 30
1470178280 94 30
1470405436 95 30
1470976107 96 30
1471544890 97 30
1471548694 98 30
1471557767 99 30
1471887800 100 30
1471893410 101 30
1471901884 102 30
1471912633 103 30
1471913447 104 30
1472501974 105 30
1472505625 106 30
1472512125 107 30
1472666029 108 30
1473196064 109 30
