1450284436 8510
1450284900 9568
1450736531 9575
1450746182 9708
1450910027 9791
1451336809 10042
1451347297 10137
1451436242 10149
1451919720 10181
1451924156 10181
1451934271 10179
1452043771 10170
1452113338 10185
1452119316 10185
1452199855 10287
1452283681 10294
1452482547 10296
1452550338 10353
1452556631 10460
1452640753 10568
1452642086 10255
1452799715 10270
1452811064 10239
1452880452 10273
1452898933 10209
1453142454 10097
1453236003 10161
1453240915 10184
1453328564 10187
1453415136 10190
1453760848 10191
1453850450 10203
1454434697 10213
1454534107 10210
1455230406 10932
1455571780 10391
1455667957 10542
1455825928 10774
1455924335 10959
1456239864 11177
1456242281 11083
1456261402 11020
1456261542 10879
1456361316 10881
1456626390 11272
1456781022 11553
1456946551 11685
1456954318 9051
1457031434 9238
1457557147 9247
1457649114 140932
1457649685 9279
1458147735 9297
1458148750 9305
1458158443 9695
1458767317 9654
1459301599 9842
1460386192 9954
1462476921 9954
1462991226 9947
1464288103 9963
1464625540 10025
1464813127 10106
1464826857 10111
1465489781 10161
1465507841 10177
1465597800 10181
1465950694 10114
1466019950 10099
1466024928 10088
1466031726 10089
1466034445 10134
1466034671 10079
1466037742 11616
1466116291 11636
1466553087 11641
1466630487 11637
1466631409 11637
1466711305 11828
1466713550 11836
1466719634 11832
1466721145 11843
1467037568 11846
1467073673 11909
1467076978 11930
1467313438 11942
1467325833 12350
1467383852 12961
1467508781 13064
1467586445 13089
1467588503 13083
1467652473 13097
1467654602 13106
1467656286 13150
1467656771 13151
1467657040 13151
1467664546 13273
1467678375 13552
1467679259 13536
1467753387 13484
1467757135 12029
1467761755 12058
1467766431 12221
1467767607 12221
1467917091 12221
1467934100 12533
1467996659 12486
1468104095 12523
1468113670 12529
1468184339 9919
1468276670 10051
1468280558 10072
1468356879 10070
1468521339 10069
1468699940 10049
1468711152 10049
1468887418 10063
1469138743 10063
1469478513 10304
1470078745 10076
1470087337 10091
1470095735 10091
1470164920 10089
1470178280 10143
1470405436 10160
1470976107 10160
1471544890 10185
1471548694 10195
1471557767 10218
1471887800 11825
1471893410 11831
1471901884 11833
1471912633 12081
1471913447 12083
1472501974 11796
1472505625 11805
1472512125 11805
1472666029 11806
1473196064 11810
